0.216980	50.000000	0.000000
0.220032	50.792236	0.005051
0.201111	51.584473	0.010101
0.185776	52.376709	0.015152
0.113678	53.165588	0.020202
0.090790	53.951111	0.025253
0.077896	54.729919	0.030303
0.058212	55.508728	0.035354
0.034485	56.277466	0.040404
0.016098	57.042847	0.045455
-0.001526	57.801514	0.050505
-0.019226	58.550110	0.055556
-0.042191	59.291992	0.060606
-0.065384	60.023804	0.065657
-0.079193	60.745544	0.070707
-0.100174	61.457214	0.075758
-0.117798	62.155457	0.080808
-0.136414	62.840271	0.085859
-0.153732	63.515015	0.090909
-0.175705	64.176331	0.095960
-0.192184	64.824219	0.101010
-0.214157	65.455322	0.106061
-0.228882	66.069641	0.111111
-0.251007	66.670532	0.116162
-0.264740	67.251282	0.121212
-0.279007	67.818604	0.126262
-0.299911	68.365784	0.131313
-0.316620	68.892822	0.136363
-0.329056	69.403076	0.141414
-0.347900	69.893188	0.146464
-0.361633	70.363159	0.151515
-0.370712	70.812988	0.156565
-0.387344	71.242676	0.161616
-0.403290	71.652222	0.166667
-0.411072	72.034912	0.171717
-0.425339	72.400818	0.176768
-0.434341	72.739868	0.181818
-0.446091	73.058777	0.186869
-0.450821	73.354187	0.191919
-0.465851	73.626099	0.196970
-0.476761	73.871155	0.202020
-0.485916	74.096069	0.207071
-0.488815	74.294128	0.212121
-0.493927	74.468689	0.217172
-0.502396	74.619751	0.222222
-0.505600	74.743958	0.227273
-0.510635	74.844666	0.232323
-0.514984	74.921875	0.237374
-0.520782	74.972229	0.242424
-0.521164	74.995728	0.247475
-0.522232	74.995728	0.252525
-0.520096	74.972229	0.257576
-0.519562	74.921875	0.262626
-0.522537	74.844666	0.267677
-0.521622	74.743958	0.272727
-0.517349	74.619751	0.277778
-0.515900	74.468689	0.282828
-0.514145	74.294128	0.287879
-0.513077	74.096069	0.292929
-0.510483	73.871155	0.297980
-0.501938	73.626099	0.303030
-0.497284	73.354187	0.308081
-0.491714	73.058777	0.313131
-0.490875	72.739868	0.318182
-0.481339	72.400818	0.323232
-0.471039	72.034912	0.328283
-0.468597	71.652222	0.333333
-0.455170	71.242676	0.338384
-0.450974	70.812988	0.343434
-0.440063	70.363159	0.348485
-0.431290	69.893188	0.353535
-0.423508	69.403076	0.358586
-0.413208	68.892822	0.363636
-0.401230	68.365784	0.368687
-0.393753	67.818604	0.373737
-0.377274	67.251282	0.378787
-0.361938	66.670532	0.383838
-0.358429	66.069641	0.388889
-0.342026	65.455322	0.393939
-0.331802	64.824219	0.398989
-0.315781	64.176331	0.404040
-0.297546	63.515015	0.409091
-0.288010	62.840271	0.414141
-0.270691	62.155457	0.419192
-0.253906	61.457214	0.424242
-0.237732	60.745544	0.429293
-0.227737	60.023804	0.434343
-0.205078	59.291992	0.439394
-0.193329	58.550110	0.444444
-0.170822	57.801514	0.449495
-0.155029	57.042847	0.454545
-0.136337	56.277466	0.459596
-0.123672	55.508728	0.464646
-0.102310	54.729919	0.469697
-0.079422	53.951111	0.474747
-0.065994	53.165588	0.479798
-0.044785	52.376709	0.484848
-0.025864	51.584473	0.489899
-0.008087	50.792236	0.494949
0.011215	50.000000	0.500000
0.035095	49.207764	0.505050
0.052338	48.415527	0.510101
0.070801	47.623291	0.515151
0.087509	46.834412	0.520201
0.108109	46.048889	0.525252
0.132065	45.270081	0.530303
0.150681	44.491272	0.535353
0.171967	43.722534	0.540404
0.190201	42.957153	0.545454
0.208054	42.198486	0.550505
0.226288	41.449890	0.555555
0.247345	40.708008	0.560605
0.271606	39.976196	0.565656
0.288239	39.254456	0.570707
0.310593	38.542786	0.575757
0.327682	37.844543	0.580808
0.345230	37.159729	0.585858
0.362396	36.484985	0.590909
0.377808	35.823669	0.595959
0.395355	35.175781	0.601010
0.413437	34.544678	0.606060
0.428696	33.930359	0.611111
0.446472	33.329468	0.616161
0.465240	32.748718	0.621212
0.477295	32.181396	0.626262
0.494537	31.634216	0.631313
0.508499	31.107178	0.636363
0.521927	30.596924	0.641414
0.537949	30.106812	0.646464
0.552292	29.636841	0.651514
0.561447	29.187012	0.656565
0.576630	28.757324	0.661616
0.586319	28.347778	0.666666
0.602493	27.965088	0.671717
0.611420	27.599182	0.676767
0.622406	27.260132	0.681818
0.630264	26.941223	0.686868
0.643845	26.645813	0.691918
0.649033	26.373901	0.696969
0.655365	26.128845	0.702020
0.664520	25.903931	0.707070
0.674133	25.705872	0.712121
0.678101	25.531311	0.717171
0.682373	25.380249	0.722222
0.684891	25.256042	0.727272
0.691452	25.155334	0.732323
0.690689	25.078125	0.737373
0.695419	25.027771	0.742424
0.699463	25.004272	0.747474
0.699844	25.004272	0.752525
0.701904	25.027771	0.757575
0.701828	25.078125	0.762626
0.701828	25.155334	0.767676
0.699844	25.256042	0.772727
0.700531	25.380249	0.777777
0.699081	25.531311	0.782828
0.695801	25.705872	0.787878
0.687103	25.903931	0.792929
0.690155	26.128845	0.797979
0.683670	26.373901	0.803030
0.680237	26.645813	0.808080
0.677643	26.941223	0.813131
0.670776	27.260132	0.818181
0.666275	27.599182	0.823232
0.655441	27.965088	0.828282
0.655441	28.347778	0.833333
0.644073	28.757324	0.838383
0.635529	29.187012	0.843434
0.631714	29.636841	0.848484
0.619354	30.106812	0.853535
0.609207	30.596924	0.858585
0.596542	31.107178	0.863635
0.591736	31.634216	0.868686
0.583038	32.181396	0.873737
0.568008	32.748718	0.878787
0.555344	33.329468	0.883838
0.546799	33.930359	0.888888
0.535049	34.544678	0.893939
0.519257	35.175781	0.898989
0.509262	35.823669	0.904040
0.496979	36.484985	0.909090
0.486526	37.159729	0.914141
0.459824	37.844543	0.919191
0.453339	38.542786	0.924242
0.438843	39.254456	0.929292
0.422592	39.976196	0.934343
0.406036	40.708008	0.939393
0.386353	41.449890	0.944444
0.370865	42.198486	0.949494
0.354385	42.957153	0.954545
0.338211	43.722534	0.959595
0.319138	44.491272	0.964646
0.300446	45.270081	0.969696
0.278625	46.048889	0.974747
0.264206	46.834412	0.979797
0.243607	47.623291	0.984848
0.231323	48.415527	0.989898
0.207901	49.207764	0.994949
0.188370	50.000000	0.999999
0.169067	50.792236	1.005050
0.144196	51.584473	1.010100
0.134125	52.376709	1.015151
0.114594	53.165588	1.020201
0.093460	53.951111	1.025251
0.072098	54.729919	1.030302
0.050278	55.508728	1.035353
0.030518	56.277466	1.040403
0.011826	57.042847	1.045454
-0.009308	57.801514	1.050504
-0.030136	58.550110	1.055555
-0.051956	59.291992	1.060605
-0.065460	60.023804	1.065656
-0.083466	60.745544	1.070706
-0.110168	61.457214	1.075757
-0.121384	62.155457	1.080807
-0.143738	62.840271	1.085858
-0.161362	63.515015	1.090908
-0.180283	64.176331	1.095959
-0.199280	64.824219	1.101009
-0.220718	65.455322	1.106059
-0.234680	66.069641	1.111110
-0.251465	66.670532	1.116161
-0.275040	67.251282	1.121211
-0.285263	67.818604	1.126262
-0.300293	68.365784	1.131312
-0.323334	68.892822	1.136363
-0.331726	69.403076	1.141413
-0.349579	69.893188	1.146464
-0.367584	70.363159	1.151514
-0.377808	70.812988	1.156564
-0.390167	71.242676	1.161615
-0.402374	71.652222	1.166666
-0.419159	72.034912	1.171716
-0.422134	72.400818	1.176767
-0.440598	72.739868	1.181817
-0.449905	73.058777	1.186867
-0.459518	73.354187	1.191918
-0.467834	73.626099	1.196969
-0.477448	73.871155	1.202019
-0.481033	74.096069	1.207070
-0.489426	74.294128	1.212120
-0.494690	74.468689	1.217171
-0.499954	74.619751	1.222221
-0.507736	74.743958	1.227272
-0.511093	74.844666	1.232322
-0.516281	74.921875	1.237372
-0.515594	74.972229	1.242423
-0.521011	74.995728	1.247474
-0.520477	74.995728	1.252524
-0.523300	74.972229	1.257575
-0.521774	74.921875	1.262625
-0.525131	74.844666	1.267676
-0.523529	74.743958	1.272726
-0.521622	74.619751	1.277777
-0.517273	74.468689	1.282827
-0.518036	74.294128	1.287878
-0.515594	74.096069	1.292928
-0.502701	73.871155	1.297979
-0.502243	73.626099	1.303029
-0.503693	73.354187	1.308080
-0.495605	73.058777	1.313130
-0.488968	72.739868	1.318180
-0.484848	72.400818	1.323231
-0.475845	72.034912	1.328282
-0.467758	71.652222	1.333332
-0.463715	71.242676	1.338383
-0.456085	70.812988	1.343433
-0.440140	70.363159	1.348484
-0.437469	69.893188	1.353534
-0.428009	69.403076	1.358585
-0.417404	68.892822	1.363635
-0.404663	68.365784	1.368685
-0.390549	67.818604	1.373736
-0.379257	67.251282	1.378787
-0.369568	66.670532	1.383837
-0.357361	66.069641	1.388888
-0.337982	65.455322	1.393938
-0.329895	64.824219	1.398989
-0.318604	64.176331	1.404039
-0.302200	63.515015	1.409090
-0.288315	62.840271	1.414140
-0.273132	62.155457	1.419191
-0.254745	61.457214	1.424241
-0.237885	60.745544	1.429292
-0.221863	60.023804	1.434342
-0.205917	59.291992	1.439393
-0.188904	58.550110	1.444443
-0.173874	57.801514	1.449493
-0.156784	57.042847	1.454544
-0.137634	56.277466	1.459595
-0.119858	55.508728	1.464645
-0.101318	54.729919	1.469696
-0.088425	53.951111	1.474746
-0.066376	53.165588	1.479797
-0.047073	52.376709	1.484847
-0.024796	51.584473	1.489898
-0.009384	50.792236	1.494948
0.012589	50.000000	1.499999
0.030899	49.207764	1.505049
0.046310	48.415527	1.510100
0.068512	47.623291	1.515150
0.089493	46.834412	1.520201
0.104523	46.048889	1.525251
0.127792	45.270081	1.530301
0.146866	44.491272	1.535352
0.167770	43.722534	1.540403
0.188904	42.957153	1.545453
0.208740	42.198486	1.550504
0.226517	41.449890	1.555554
0.245667	40.708008	1.560605
0.264664	39.976196	1.565655
0.283813	39.254456	1.570706
0.303650	38.542786	1.575756
0.325241	37.844543	1.580807
0.342560	37.159729	1.585857
0.362854	36.484985	1.590908
0.378418	35.823669	1.595958
0.398865	35.175781	1.601009
0.416031	34.544678	1.606059
0.431137	33.930359	1.611110
0.449066	33.329468	1.616160
0.464859	32.748718	1.621211
0.478210	32.181396	1.626261
0.498428	31.634216	1.631312
0.505676	31.107178	1.636362
0.523071	30.596924	1.641413
0.535889	30.106812	1.646463
0.550003	29.636841	1.651514
0.567322	29.187012	1.656564
0.579376	28.757324	1.661614
0.589828	28.347778	1.666665
0.601120	27.965088	1.671716
0.609207	27.599182	1.676766
0.619583	27.260132	1.681817
0.629807	26.941223	1.686867
0.642471	26.645813	1.691918
0.649490	26.373901	1.696968
0.650024	26.128845	1.702019
0.664368	25.903931	1.707069
0.671616	25.705872	1.712120
0.673065	25.531311	1.717170
0.682907	25.380249	1.722221
0.683289	25.256042	1.727271
0.690460	25.155334	1.732322
0.696030	25.078125	1.737372
0.696335	25.027771	1.742423
0.696945	25.004272	1.747473
0.698166	25.004272	1.752524
0.701447	25.027771	1.757574
0.701523	25.078125	1.762625
0.699997	25.155334	1.767675
0.700989	25.256042	1.772726
0.698013	25.380249	1.777776
0.701904	25.531311	1.782827
0.695724	25.705872	1.787877
0.691299	25.903931	1.792928
0.692444	26.128845	1.797978
0.691681	26.373901	1.803029
0.680008	26.645813	1.808079
0.675354	26.941223	1.813130
0.668030	27.260132	1.818180
0.667114	27.599182	1.823231
0.656967	27.965088	1.828281
0.653915	28.347778	1.833332
0.645294	28.757324	1.838382
0.633545	29.187012	1.843433
0.628738	29.636841	1.848483
0.621719	30.106812	1.853534
0.614624	30.596924	1.858584
0.602417	31.107178	1.863635
0.588608	31.634216	1.868685
0.578995	32.181396	1.873736
0.568542	32.748718	1.878786
0.554581	33.329468	1.883837
0.546341	33.930359	1.888887
0.532684	34.544678	1.893938
0.518799	35.175781	1.898988
0.508270	35.823669	1.904039
0.494995	36.484985	1.909089
0.480042	37.159729	1.914140
0.467834	37.844543	1.919190
0.451431	38.542786	1.924241
0.438461	39.254456	1.929291
0.422592	39.976196	1.934342
0.400848	40.708008	1.939392
0.387726	41.449890	1.944443
0.371399	42.198486	1.949493
0.356522	42.957153	1.954544
0.335159	43.722534	1.959594
0.319061	44.491272	1.964645
0.300751	45.270081	1.969695
0.286026	46.048889	1.974746
0.267487	46.834412	1.979796
0.245743	47.623291	1.984847
0.232010	48.415527	1.989897
0.205536	49.207764	1.994948
0.189209	50.000000	1.999998
0.173035	50.792236	2.005049
0.149384	51.584473	2.010099
0.129395	52.376709	2.015150
0.109787	53.165588	2.020200
0.093460	53.951111	2.025251
0.069885	54.729919	2.030301
0.053787	55.508728	2.035351
0.032806	56.277466	2.040402
0.013733	57.042847	2.045453
-0.010071	57.801514	2.050503
-0.028076	58.550110	2.055554
-0.049667	59.291992	2.060604
-0.067444	60.023804	2.065654
-0.084152	60.745544	2.070705
-0.109253	61.457214	2.075756
-0.125122	62.155457	2.080806
-0.147171	62.840271	2.085857
-0.168457	63.515015	2.090907
-0.181885	64.176331	2.095957
-0.197449	64.824219	2.101008
-0.219574	65.455322	2.106059
-0.233994	66.069641	2.111109
-0.253296	66.670532	2.116160
-0.268860	67.251282	2.121210
-0.284195	67.818604	2.126261
-0.301666	68.365784	2.131311
-0.321732	68.892822	2.136362
-0.336533	69.403076	2.141412
-0.348206	69.893188	2.146463
-0.369034	70.363159	2.151513
-0.377655	70.812988	2.156564
-0.389786	71.242676	2.161614
-0.403519	71.652222	2.166664
-0.413284	72.034912	2.171715
-0.430679	72.400818	2.176766
-0.440826	72.739868	2.181816
-0.449371	73.058777	2.186867
-0.459824	73.354187	2.191917
-0.471649	73.626099	2.196967
-0.478363	73.871155	2.202018
-0.480728	74.096069	2.207069
-0.491028	74.294128	2.212119
-0.496445	74.468689	2.217170
-0.503235	74.619751	2.222220
-0.510559	74.743958	2.227270
-0.511169	74.844666	2.232321
-0.515213	74.921875	2.237372
-0.520172	74.972229	2.242422
-0.523148	74.995728	2.247473
-0.524750	74.995728	2.252523
-0.522614	74.972229	2.257574
-0.520477	74.921875	2.262624
-0.524902	74.844666	2.267675
-0.523071	74.743958	2.272725
-0.523605	74.619751	2.277776
-0.518036	74.468689	2.282826
-0.517197	74.294128	2.287877
-0.512924	74.096069	2.292927
-0.507431	73.871155	2.297978
-0.504913	73.626099	2.303028
-0.496979	73.354187	2.308079
-0.498276	73.058777	2.313129
-0.484924	72.739868	2.318180
-0.478210	72.400818	2.323230
-0.480576	72.034912	2.328280
-0.464783	71.652222	2.333331
-0.460663	71.242676	2.338382
-0.454941	70.812988	2.343432
-0.444641	70.363159	2.348483
-0.434723	69.893188	2.353533
-0.424042	69.403076	2.358583
-0.414124	68.892822	2.363634
-0.402985	68.365784	2.368685
-0.390778	67.818604	2.373735
-0.376892	67.251282	2.378786
-0.364990	66.670532	2.383836
-0.357819	66.069641	2.388887
-0.338974	65.455322	2.393937
-0.327911	64.824219	2.398988
-0.314636	64.176331	2.404038
-0.301437	63.515015	2.409089
-0.292130	62.840271	2.414139
-0.275650	62.155457	2.419190
-0.257950	61.457214	2.424240
-0.237274	60.745544	2.429291
-0.220795	60.023804	2.434341
-0.206680	59.291992	2.439392
-0.190735	58.550110	2.444442
-0.169983	57.801514	2.449493
-0.157700	57.042847	2.454543
-0.138245	56.277466	2.459593
-0.122910	55.508728	2.464644
-0.102921	54.729919	2.469695
-0.079956	53.951111	2.474745
-0.068130	53.165588	2.479796
-0.047684	52.376709	2.484846
-0.029526	51.584473	2.489896
-0.004120	50.792236	2.494947
0.013428	50.000000	2.499998
0.033417	49.207764	2.505048
0.046692	48.415527	2.510099
0.072632	47.623291	2.515149
0.091248	46.834412	2.520200
0.111542	46.048889	2.525250
0.127869	45.270081	2.530301
0.147934	44.491272	2.535351
0.170212	43.722534	2.540402
0.189362	42.957153	2.545452
0.205002	42.198486	2.550503
0.230560	41.449890	2.555553
0.246506	40.708008	2.560604
0.269775	39.976196	2.565654
0.285568	39.254456	2.570705
0.299530	38.542786	2.575755
0.321579	37.844543	2.580806
0.342789	37.159729	2.585856
0.359268	36.484985	2.590906
0.379944	35.823669	2.595957
0.397263	35.175781	2.601008
0.414581	34.544678	2.606058
0.427246	33.930359	2.611109
0.444107	33.329468	2.616159
0.461731	32.748718	2.621209
0.479965	32.181396	2.626260
0.494003	31.634216	2.631311
0.507050	31.107178	2.636361
0.521851	30.596924	2.641412
0.534363	30.106812	2.646462
0.547256	29.636841	2.651512
0.563736	29.187012	2.656563
0.576553	28.757324	2.661614
0.584946	28.347778	2.666664
0.602188	27.965088	2.671715
0.611038	27.599182	2.676765
0.623932	27.260132	2.681816
0.631638	26.941223	2.686866
0.638123	26.645813	2.691917
0.649490	26.373901	2.696967
0.652695	26.128845	2.702018
0.665131	25.903931	2.707068
0.675049	25.705872	2.712119
0.675201	25.531311	2.717169
0.680847	25.380249	2.722220
0.685043	25.256042	2.727270
0.688553	25.155334	2.732321
0.694809	25.078125	2.737371
0.695572	25.027771	2.742422
0.699692	25.004272	2.747472
0.699539	25.004272	2.752522
0.700912	25.027771	2.757573
0.706329	25.078125	2.762624
0.701370	25.155334	2.767674
0.702057	25.256042	2.772725
0.699615	25.380249	2.777775
0.693665	25.531311	2.782825
0.690994	25.705872	2.787876
0.687180	25.903931	2.792927
0.687332	26.128845	2.797977
0.684052	26.373901	2.803028
0.680237	26.645813	2.808078
0.671234	26.941223	2.813129
0.664062	27.260132	2.818179
0.664978	27.599182	2.823230
0.661392	27.965088	2.828280
0.649948	28.347778	2.833331
0.642090	28.757324	2.838381
0.633087	29.187012	2.843432
0.630264	29.636841	2.848482
0.616379	30.106812	2.853533
0.607452	30.596924	2.858583
0.599518	31.107178	2.863634
0.588150	31.634216	2.868684
0.579987	32.181396	2.873735
0.571747	32.748718	2.878785
0.558167	33.329468	2.883835
0.547104	33.930359	2.888886
0.531311	34.544678	2.893937
0.523605	35.175781	2.898987
0.507050	35.823669	2.904038
0.492783	36.484985	2.909088
0.475998	37.159729	2.914138
0.463409	37.844543	2.919189
0.451279	38.542786	2.924240
0.436325	39.254456	2.929290
0.414352	39.976196	2.934341
0.402908	40.708008	2.939391
0.386581	41.449890	2.944442
0.375061	42.198486	2.949492
0.355301	42.957153	2.954543
0.334778	43.722534	2.959593
0.318604	44.491272	2.964644
0.303116	45.270081	2.969694
0.285187	46.048889	2.974745
0.261841	46.834412	2.979795
0.242538	47.623291	2.984846
0.227203	48.415527	2.989896
0.211716	49.207764	2.994947
0.184860	50.000000	2.999997
0.172119	50.792236	3.005048
0.146484	51.584473	3.010098
0.130463	52.376709	3.015149
0.105743	53.165588	3.020199
0.089493	53.951111	3.025250
0.072174	54.729919	3.030300
0.049820	55.508728	3.035351
0.030212	56.277466	3.040401
0.014038	57.042847	3.045451
-0.008621	57.801514	3.050502
-0.026627	58.550110	3.055553
-0.051422	59.291992	3.060603
-0.068741	60.023804	3.065654
-0.087128	60.745544	3.070704
-0.104218	61.457214	3.075755
-0.129318	62.155457	3.080805
-0.147705	62.840271	3.085856
-0.164185	63.515015	3.090906
-0.182114	64.176331	3.095957
-0.198212	64.824219	3.101007
-0.220261	65.455322	3.106058
-0.239487	66.069641	3.111108
-0.251923	66.670532	3.116159
-0.273590	67.251282	3.121209
-0.289383	67.818604	3.126260
-0.305405	68.365784	3.131310
-0.321655	68.892822	3.136361
-0.338974	69.403076	3.141411
-0.348358	69.893188	3.146462
-0.370331	70.363159	3.151512
-0.377731	70.812988	3.156563
-0.394516	71.242676	3.161613
-0.406265	71.652222	3.166664
-0.418701	72.034912	3.171714
-0.428391	72.400818	3.176764
-0.443497	72.739868	3.181815
-0.447006	73.058777	3.186866
-0.454025	73.354187	3.191916
-0.472031	73.626099	3.196967
-0.480270	73.871155	3.202017
-0.485229	74.096069	3.207068
-0.488968	74.294128	3.212118
-0.500641	74.468689	3.217169
-0.501785	74.619751	3.222219
-0.507355	74.743958	3.227270
-0.514755	74.844666	3.232320
-0.515671	74.921875	3.237371
-0.517807	74.972229	3.242421
-0.520782	74.995728	3.247472
-0.521774	74.995728	3.252522
-0.523376	74.972229	3.257573
-0.521927	74.921875	3.262623
-0.521545	74.844666	3.267674
-0.525284	74.743958	3.272724
-0.519714	74.619751	3.277775
-0.517044	74.468689	3.282825
-0.518799	74.294128	3.287876
-0.514374	74.096069	3.292926
-0.508499	73.871155	3.297977
-0.509262	73.626099	3.303027
-0.497665	73.354187	3.308078
-0.493469	73.058777	3.313128
-0.488968	72.739868	3.318179
-0.482712	72.400818	3.323229
-0.475616	72.034912	3.328280
-0.470200	71.652222	3.333330
-0.459213	71.242676	3.338381
-0.455780	70.812988	3.343431
-0.441971	70.363159	3.348482
-0.430069	69.893188	3.353532
-0.424118	69.403076	3.358583
-0.416336	68.892822	3.363633
-0.403366	68.365784	3.368684
-0.391617	67.818604	3.373734
-0.379639	67.251282	3.378785
-0.366364	66.670532	3.383835
-0.353851	66.069641	3.388886
-0.342560	65.455322	3.393936
-0.327454	64.824219	3.398987
-0.317459	64.176331	3.404037
-0.303802	63.515015	3.409088
-0.286331	62.840271	3.414138
-0.273285	62.155457	3.419189
-0.258408	61.457214	3.424239
-0.244293	60.745544	3.429290
-0.223846	60.023804	3.434340
-0.206451	59.291992	3.439391
-0.188675	58.550110	3.444441
-0.171661	57.801514	3.449492
-0.153046	57.042847	3.454542
-0.138779	56.277466	3.459593
-0.119171	55.508728	3.464643
-0.101776	54.729919	3.469693
-0.084839	53.951111	3.474744
-0.069885	53.165588	3.479795
-0.049133	52.376709	3.484845
-0.026321	51.584473	3.489896
-0.011444	50.792236	3.494946
0.009918	50.000000	3.499997
0.034256	49.207764	3.505047
0.049438	48.415527	3.510098
0.067215	47.623291	3.515148
0.092392	46.834412	3.520199
0.107651	46.048889	3.525249
0.127335	45.270081	3.530300
0.147018	44.491272	3.535350
0.167084	43.722534	3.540401
0.189133	42.957153	3.545451
0.209961	42.198486	3.550502
0.231628	41.449890	3.555552
0.245590	40.708008	3.560603
0.270309	39.976196	3.565653
0.291595	39.254456	3.570704
0.310669	38.542786	3.575754
0.322189	37.844543	3.580805
0.339584	37.159729	3.585855
0.363083	36.484985	3.590906
0.375595	35.823669	3.595956
0.396957	35.175781	3.601006
0.407639	34.544678	3.606057
0.426559	33.930359	3.611108
0.449524	33.329468	3.616158
0.461807	32.748718	3.621209
0.480347	32.181396	3.626259
0.494690	31.634216	3.631310
0.513763	31.107178	3.636360
0.525513	30.596924	3.641411
0.540161	30.106812	3.646461
0.552063	29.636841	3.651512
0.561752	29.187012	3.656562
0.578308	28.757324	3.661613
0.591278	28.347778	3.666663
0.601501	27.965088	3.671714
0.606613	27.599182	3.676764
0.623550	27.260132	3.681815
0.633926	26.941223	3.686865
0.643921	26.645813	3.691916
0.650101	26.373901	3.696966
0.653915	26.128845	3.702017
0.663071	25.903931	3.707067
0.672226	25.705872	3.712118
0.677109	25.531311	3.717168
0.684967	25.380249	3.722219
0.682678	25.256042	3.727269
0.687790	25.155334	3.732320
0.692368	25.078125	3.737370
0.696030	25.027771	3.742421
0.693436	25.004272	3.747471
0.700531	25.004272	3.752522
0.702057	25.027771	3.757572
0.696106	25.078125	3.762623
0.698242	25.155334	3.767673
0.701675	25.256042	3.772724
0.696793	25.380249	3.777774
0.694046	25.531311	3.782825
0.694885	25.705872	3.787875
0.689392	25.903931	3.792926
0.691299	26.128845	3.797976
0.686035	26.373901	3.803027
0.679092	26.645813	3.808077
0.673218	26.941223	3.813128
0.665207	27.260132	3.818178
0.661774	27.599182	3.823229
0.662918	27.965088	3.828279
0.645905	28.347778	3.833330
0.642090	28.757324	3.838380
0.637054	29.187012	3.843431
0.633774	29.636841	3.848481
0.620193	30.106812	3.853532
0.610275	30.596924	3.858582
0.601883	31.107178	3.863633
0.589752	31.634216	3.868683
0.577698	32.181396	3.873734
0.568008	32.748718	3.878784
0.555954	33.329468	3.883835
0.541916	33.930359	3.888885
0.535202	34.544678	3.893936
0.518570	35.175781	3.898986
0.505371	35.823669	3.904037
0.492859	36.484985	3.909087
0.482330	37.159729	3.914138
0.463791	37.844543	3.919188
0.448990	38.542786	3.924239
0.437164	39.254456	3.929289
0.420761	39.976196	3.934340
0.400009	40.708008	3.939390
0.386658	41.449890	3.944441
0.374146	42.198486	3.949491
0.358505	42.957153	3.954542
0.333405	43.722534	3.959592
0.316849	44.491272	3.964643
0.301743	45.270081	3.969693
0.280991	46.048889	3.974744
0.261078	46.834412	3.979794
0.243988	47.623291	3.984845
0.228271	48.415527	3.989895
0.211105	49.207764	3.994946
0.186310	50.000000	3.999996
0.171127	50.792236	4.005047
0.151520	51.584473	4.010097
0.124207	52.376709	4.015148
0.111923	53.165588	4.020198
0.088120	53.951111	4.025249
0.071716	54.729919	4.030299
0.046768	55.508728	4.035350
0.032196	56.277466	4.040400
0.011673	57.042847	4.045451
-0.009613	57.801514	4.050501
-0.022964	58.550110	4.055551
-0.049210	59.291992	4.060602
-0.069809	60.023804	4.065653
-0.085983	60.745544	4.070703
-0.107956	61.457214	4.075754
-0.130692	62.155457	4.080804
-0.146713	62.840271	4.085854
-0.162888	63.515015	4.090905
-0.182648	64.176331	4.095956
-0.201035	64.824219	4.101006
-0.219803	65.455322	4.106057
-0.236588	66.069641	4.111107
-0.255432	66.670532	4.116157
-0.272751	67.251282	4.121208
-0.286026	67.818604	4.126259
-0.304642	68.365784	4.131309
-0.317764	68.892822	4.136360
-0.336990	69.403076	4.141410
-0.353241	69.893188	4.146460
-0.367508	70.363159	4.151511
-0.378799	70.812988	4.156562
-0.393143	71.242676	4.161612
-0.405121	71.652222	4.166663
-0.419388	72.034912	4.171713
-0.427475	72.400818	4.176763
-0.438614	72.739868	4.181814
-0.451126	73.058777	4.186865
-0.456848	73.354187	4.191915
-0.469208	73.626099	4.196966
-0.474472	73.871155	4.202016
-0.480576	74.096069	4.207066
-0.494232	74.294128	4.212117
-0.501099	74.468689	4.217168
-0.502319	74.619751	4.222218
-0.506363	74.743958	4.227269
-0.514755	74.844666	4.232319
-0.510483	74.921875	4.237370
-0.521545	74.972229	4.242420
-0.520477	74.995728	4.247471
-0.526733	74.995728	4.252521
-0.521545	74.972229	4.257572
-0.519714	74.921875	4.262622
-0.521622	74.844666	4.267673
-0.521927	74.743958	4.272723
-0.520248	74.619751	4.277774
-0.519562	74.468689	4.282824
-0.517807	74.294128	4.287875
-0.514832	74.096069	4.292925
-0.511398	73.871155	4.297976
-0.505981	73.626099	4.303026
-0.502319	73.354187	4.308077
-0.494766	73.058777	4.313127
-0.492630	72.739868	4.318177
-0.483856	72.400818	4.323228
-0.475922	72.034912	4.328279
-0.470581	71.652222	4.333329
-0.457687	71.242676	4.338380
-0.456390	70.812988	4.343430
-0.444183	70.363159	4.348480
-0.435410	69.893188	4.353531
-0.426331	69.403076	4.358582
-0.412216	68.892822	4.363632
-0.405502	68.365784	4.368683
-0.389328	67.818604	4.373733
-0.376892	67.251282	4.378783
-0.370636	66.670532	4.383834
-0.354767	66.069641	4.388885
-0.344772	65.455322	4.393935
-0.328751	64.824219	4.398986
-0.315857	64.176331	4.404036
-0.302963	63.515015	4.409086
-0.281601	62.840271	4.414137
-0.267029	62.155457	4.419188
-0.253906	61.457214	4.424238
-0.238037	60.745544	4.429289
-0.226898	60.023804	4.434339
-0.205460	59.291992	4.439389
-0.195770	58.550110	4.444440
-0.172043	57.801514	4.449491
-0.156631	57.042847	4.454541
-0.141602	56.277466	4.459592
-0.124435	55.508728	4.464642
-0.106735	54.729919	4.469692
-0.084457	53.951111	4.474743
-0.063477	53.165588	4.479794
-0.044022	52.376709	4.484844
-0.028381	51.584473	4.489895
-0.007401	50.792236	4.494945
0.011215	50.000000	4.499996
0.028915	49.207764	4.505046
0.047073	48.415527	4.510097
0.070114	47.623291	4.515147
0.090866	46.834412	4.520198
0.106659	46.048889	4.525248
0.127411	45.270081	4.530299
0.148468	44.491272	4.535349
0.165329	43.722534	4.540400
0.189590	42.957153	4.545450
0.207672	42.198486	4.550501
0.228271	41.449890	4.555551
0.247040	40.708008	4.560602
0.268021	39.976196	4.565652
0.285568	39.254456	4.570703
0.306854	38.542786	4.575753
0.322037	37.844543	4.580804
0.338364	37.159729	4.585854
0.365906	36.484985	4.590905
0.381775	35.823669	4.595955
0.394287	35.175781	4.601006
0.412292	34.544678	4.606056
0.428238	33.930359	4.611106
0.443802	33.329468	4.616157
0.460663	32.748718	4.621208
0.473785	32.181396	4.626258
0.496902	31.634216	4.631309
0.508881	31.107178	4.636359
0.519333	30.596924	4.641409
0.538864	30.106812	4.646460
0.547028	29.636841	4.651511
0.563049	29.187012	4.656561
0.574112	28.757324	4.661612
0.586624	28.347778	4.666662
0.602341	27.965088	4.671712
0.612640	27.599182	4.676763
0.618668	27.260132	4.681814
0.626984	26.941223	4.686864
0.639954	26.645813	4.691915
0.648270	26.373901	4.696965
0.657883	26.128845	4.702015
0.667496	25.903931	4.707066
0.670166	25.705872	4.712117
0.670166	25.531311	4.717167
0.678940	25.380249	4.722218
0.683746	25.256042	4.727268
0.688705	25.155334	4.732318
0.692978	25.078125	4.737369
0.695038	25.027771	4.742420
0.693588	25.004272	4.747470
0.697098	25.004272	4.752521
0.698013	25.027771	4.757571
0.700378	25.078125	4.762621
0.698700	25.155334	4.767672
0.703278	25.256042	4.772723
0.699081	25.380249	4.777773
0.694275	25.531311	4.782824
0.696411	25.705872	4.787874
0.687866	25.903931	4.792925
0.684128	26.128845	4.797975
0.682983	26.373901	4.803026
0.680084	26.645813	4.808076
0.674896	26.941223	4.813127
0.668564	27.260132	4.818177
0.663147	27.599182	4.823228
0.659561	27.965088	4.828278
0.652008	28.347778	4.833329
0.643539	28.757324	4.838379
0.633926	29.187012	4.843430
0.628815	29.636841	4.848480
0.623932	30.106812	4.853531
0.604553	30.596924	4.858581
0.603333	31.107178	4.863632
0.585632	31.634216	4.868682
0.577469	32.181396	4.873733
0.568390	32.748718	4.878783
0.553436	33.329468	4.883834
0.543518	33.930359	4.888884
0.532150	34.544678	4.893935
0.516815	35.175781	4.898985
0.507965	35.823669	4.904035
0.494232	36.484985	4.909086
0.480576	37.159729	4.914137
0.462875	37.844543	4.919187
0.453415	38.542786	4.924238
0.430756	39.254456	4.929288
0.418777	39.976196	4.934338
0.405731	40.708008	4.939389
0.389404	41.449890	4.944440
0.371552	42.198486	4.949490
0.350266	42.957153	4.954541
0.334167	43.722534	4.959591
0.317383	44.491272	4.964641
0.304871	45.270081	4.969692
0.283432	46.048889	4.974743
0.264893	46.834412	4.979793
0.243378	47.623291	4.984844
0.225296	48.415527	4.989894
0.209045	49.207764	4.994944
0.185776	50.000000	4.999995
0.171280	50.792236	5.005046
0.146027	51.584473	5.010096
0.124512	52.376709	5.015147
0.109787	53.165588	5.020197
0.087204	53.951111	5.025247
0.069504	54.729919	5.030298
0.054092	55.508728	5.035349
0.030670	56.277466	5.040399
0.007629	57.042847	5.045450
-0.011368	57.801514	5.050500
-0.025482	58.550110	5.055551
-0.047379	59.291992	5.060601
-0.068359	60.023804	5.065652
-0.085983	60.745544	5.070702
-0.107880	61.457214	5.075753
-0.125351	62.155457	5.080803
-0.145035	62.840271	5.085854
-0.162735	63.515015	5.090904
-0.180740	64.176331	5.095955
-0.202408	64.824219	5.101005
-0.220337	65.455322	5.106056
-0.238419	66.069641	5.111106
-0.256042	66.670532	5.116157
-0.270844	67.251282	5.121207
-0.289001	67.818604	5.126258
-0.302353	68.365784	5.131308
-0.320053	68.892822	5.136359
-0.335388	69.403076	5.141409
-0.348892	69.893188	5.146460
-0.367966	70.363159	5.151510
-0.378189	70.812988	5.156561
-0.390472	71.242676	5.161611
-0.405350	71.652222	5.166662
-0.415726	72.034912	5.171712
-0.423355	72.400818	5.176763
-0.443878	72.739868	5.181813
-0.451965	73.058777	5.186864
-0.463028	73.354187	5.191914
-0.467987	73.626099	5.196964
-0.474396	73.871155	5.202015
-0.485077	74.096069	5.207066
-0.489655	74.294128	5.212116
-0.497513	74.468689	5.217167
-0.498886	74.619751	5.222217
-0.510025	74.743958	5.227267
-0.515289	74.844666	5.232318
-0.515289	74.921875	5.237369
-0.519180	74.972229	5.242419
-0.524597	74.995728	5.247470
-0.524521	74.995728	5.252520
-0.522232	74.972229	5.257570
-0.522385	74.921875	5.262621
-0.526199	74.844666	5.267672
-0.523529	74.743958	5.272722
-0.518570	74.619751	5.277773
-0.521851	74.468689	5.282823
-0.515442	74.294128	5.287873
-0.517273	74.096069	5.292924
-0.509109	73.871155	5.297975
-0.505829	73.626099	5.303025
-0.503998	73.354187	5.308076
-0.491028	73.058777	5.313126
-0.492783	72.739868	5.318177
-0.484619	72.400818	5.323227
-0.478973	72.034912	5.328278
-0.470963	71.652222	5.333328
-0.460815	71.242676	5.338379
-0.451126	70.812988	5.343429
-0.442657	70.363159	5.348480
-0.435486	69.893188	5.353530
-0.423355	69.403076	5.358581
-0.416489	68.892822	5.363631
-0.407181	68.365784	5.368682
-0.389404	67.818604	5.373732
-0.378418	67.251282	5.378783
-0.367661	66.670532	5.383833
-0.353165	66.069641	5.388884
-0.344696	65.455322	5.393934
-0.330353	64.824219	5.398985
-0.314713	64.176331	5.404035
-0.299225	63.515015	5.409086
-0.282745	62.840271	5.414136
-0.273056	62.155457	5.419187
-0.257263	61.457214	5.424237
-0.238953	60.745544	5.429288
-0.226135	60.023804	5.434338
-0.205765	59.291992	5.439389
-0.183563	58.550110	5.444439
-0.174484	57.801514	5.449490
-0.158615	57.042847	5.454540
-0.140305	56.277466	5.459591
-0.117264	55.508728	5.464641
-0.102234	54.729919	5.469692
-0.084076	53.951111	5.474742
-0.063477	53.165588	5.479793
-0.048447	52.376709	5.484843
-0.027542	51.584473	5.489893
-0.007172	50.792236	5.494944
0.012817	50.000000	5.499995
0.030289	49.207764	5.505045
0.044861	48.415527	5.510096
0.071564	47.623291	5.515146
0.089417	46.834412	5.520196
0.111618	46.048889	5.525247
0.131683	45.270081	5.530298
0.145645	44.491272	5.535348
0.168076	43.722534	5.540399
0.185318	42.957153	5.545449
0.212860	42.198486	5.550499
0.234070	41.449890	5.555550
0.244141	40.708008	5.560601
0.264435	39.976196	5.565651
0.288086	39.254456	5.570702
0.305481	38.542786	5.575752
0.326157	37.844543	5.580803
0.343475	37.159729	5.585853
0.365372	36.484985	5.590904
0.378876	35.823669	5.595954
0.394440	35.175781	5.601005
0.415802	34.544678	5.606055
0.425339	33.930359	5.611106
0.446930	33.329468	5.616156
0.461884	32.748718	5.621207
0.477371	32.181396	5.626257
0.491562	31.634216	5.631308
0.509415	31.107178	5.636358
0.526276	30.596924	5.641409
0.538864	30.106812	5.646459
0.552750	29.636841	5.651510
0.563507	29.187012	5.656560
0.577698	28.757324	5.661611
0.590210	28.347778	5.666661
0.603180	27.965088	5.671712
0.609512	27.599182	5.676762
0.620193	27.260132	5.681813
0.637054	26.941223	5.686863
0.636520	26.645813	5.691914
0.647964	26.373901	5.696964
0.653381	26.128845	5.702015
0.663605	25.903931	5.707065
0.668182	25.705872	5.712116
0.668640	25.531311	5.717166
0.679779	25.380249	5.722217
0.685654	25.256042	5.727267
0.690460	25.155334	5.732318
0.695572	25.078125	5.737368
0.696487	25.027771	5.742419
0.695877	25.004272	5.747469
0.701675	25.004272	5.752520
0.702057	25.027771	5.757570
0.699921	25.078125	5.762621
0.701904	25.155334	5.767671
0.701828	25.256042	5.772722
0.703049	25.380249	5.777772
0.696487	25.531311	5.782822
0.694656	25.705872	5.787873
0.687943	25.903931	5.792924
0.688629	26.128845	5.797974
0.681839	26.373901	5.803025
0.678177	26.645813	5.808075
0.671997	26.941223	5.813125
0.667267	27.260132	5.818176
0.666351	27.599182	5.823227
0.655594	27.965088	5.828277
0.645447	28.347778	5.833328
0.641708	28.757324	5.838378
0.636902	29.187012	5.843428
0.627213	29.636841	5.848479
0.618973	30.106812	5.853530
0.609665	30.596924	5.858580
0.600281	31.107178	5.863631
0.593491	31.634216	5.868681
0.585098	32.181396	5.873732
0.566788	32.748718	5.878782
0.554352	33.329468	5.883833
0.545502	33.930359	5.888883
0.532608	34.544678	5.893934
0.521240	35.175781	5.898984
0.508194	35.823669	5.904035
0.494232	36.484985	5.909085
0.478973	37.159729	5.914136
0.469666	37.844543	5.919186
0.452118	38.542786	5.924237
0.433426	39.254456	5.929287
0.418625	39.976196	5.934338
0.405045	40.708008	5.939388
0.388641	41.449890	5.944439
0.372772	42.198486	5.949489
0.351028	42.957153	5.954540
0.334930	43.722534	5.959590
0.315628	44.491272	5.964641
0.301208	45.270081	5.969691
0.281067	46.048889	5.974742
0.260468	46.834412	5.979792
0.240555	47.623291	5.984843
0.226517	48.415527	5.989893
0.208588	49.207764	5.994944
0.187225	50.000000	5.999994
0.166702	50.792236	6.005045
0.150986	51.584473	6.010095
0.129929	52.376709	6.015146
0.109558	53.165588	6.020196
0.090942	53.951111	6.025247
0.074310	54.729919	6.030297
0.046387	55.508728	6.035348
0.032578	56.277466	6.040398
0.014114	57.042847	6.045448
-0.008469	57.801514	6.050499
-0.026398	58.550110	6.055550
-0.055237	59.291992	6.060600
-0.069199	60.023804	6.065651
-0.085907	60.745544	6.070701
-0.106354	61.457214	6.075751
-0.125961	62.155457	6.080802
-0.145111	62.840271	6.085853
-0.160217	63.515015	6.090903
-0.185242	64.176331	6.095954
-0.200119	64.824219	6.101004
-0.219193	65.455322	6.106054
-0.234451	66.069641	6.111105
-0.254974	66.670532	6.116156
-0.273132	67.251282	6.121206
-0.290527	67.818604	6.126257
-0.305023	68.365784	6.131307
-0.320282	68.892822	6.136358
-0.332718	69.403076	6.141408
-0.352249	69.893188	6.146459
-0.365372	70.363159	6.151509
-0.376129	70.812988	6.156560
-0.392380	71.242676	6.161610
-0.402451	71.652222	6.166661
-0.416031	72.034912	6.171711
-0.429535	72.400818	6.176762
-0.442581	72.739868	6.181812
-0.448761	73.058777	6.186863
-0.461807	73.354187	6.191913
-0.467606	73.626099	6.196964
-0.477753	73.871155	6.202014
-0.477829	74.096069	6.207065
-0.490417	74.294128	6.212115
-0.494995	74.468689	6.217166
-0.499496	74.619751	6.222216
-0.509796	74.743958	6.227267
-0.512314	74.844666	6.232317
-0.517120	74.921875	6.237368
-0.521851	74.972229	6.242418
-0.521545	74.995728	6.247469
-0.523376	74.995728	6.252519
-0.520172	74.972229	6.257570
-0.522614	74.921875	6.262620
-0.521317	74.844666	6.267671
-0.524368	74.743958	6.272721
-0.519943	74.619751	6.277772
-0.518341	74.468689	6.282822
-0.516739	74.294128	6.287873
-0.515366	74.096069	6.292923
-0.512848	73.871155	6.297974
-0.506287	73.626099	6.303024
-0.505981	73.354187	6.308075
-0.488815	73.058777	6.313125
-0.490570	72.739868	6.318176
-0.485306	72.400818	6.323226
-0.480576	72.034912	6.328277
-0.465622	71.652222	6.333327
-0.460510	71.242676	6.338377
-0.455704	70.812988	6.343428
-0.438309	70.363159	6.348479
-0.432892	69.893188	6.353529
-0.423050	69.403076	6.358580
-0.411606	68.892822	6.363630
-0.400925	68.365784	6.368680
-0.392609	67.818604	6.373731
-0.383530	67.251282	6.378782
-0.368805	66.670532	6.383832
-0.356522	66.069641	6.388883
-0.344849	65.455322	6.393933
-0.329971	64.824219	6.398984
-0.314636	64.176331	6.404034
-0.300217	63.515015	6.409085
-0.288391	62.840271	6.414135
-0.270844	62.155457	6.419186
-0.257034	61.457214	6.424236
-0.239258	60.745544	6.429287
-0.225449	60.023804	6.434337
-0.205078	59.291992	6.439388
-0.194702	58.550110	6.444438
-0.178299	57.801514	6.449489
-0.153809	57.042847	6.454539
-0.141754	56.277466	6.459590
-0.115433	55.508728	6.464640
-0.104828	54.729919	6.469691
-0.082626	53.951111	6.474741
-0.066223	53.165588	6.479792
-0.044556	52.376709	6.484842
-0.030136	51.584473	6.489893
-0.008469	50.792236	6.494943
0.010452	50.000000	6.499994
0.030212	49.207764	6.505044
0.050125	48.415527	6.510095
0.066299	47.623291	6.515145
0.088654	46.834412	6.520196
0.104904	46.048889	6.525246
0.127640	45.270081	6.530297
0.144806	44.491272	6.535347
0.170517	43.722534	6.540398
0.188904	42.957153	6.545448
0.207138	42.198486	6.550499
0.232162	41.449890	6.555549
0.248184	40.708008	6.560600
0.267792	39.976196	6.565650
0.285950	39.254456	6.570701
0.301743	38.542786	6.575751
0.324478	37.844543	6.580802
0.341873	37.159729	6.585852
0.359573	36.484985	6.590903
0.378494	35.823669	6.595953
0.399475	35.175781	6.601004
0.411835	34.544678	6.606054
0.431442	33.930359	6.611105
0.444565	33.329468	6.616155
0.459366	32.748718	6.621206
0.478821	32.181396	6.626256
0.498123	31.634216	6.631306
0.511093	31.107178	6.636357
0.523758	30.596924	6.641408
0.538177	30.106812	6.646458
0.550461	29.636841	6.651509
0.563354	29.187012	6.656559
0.573578	28.757324	6.661609
0.588379	28.347778	6.666660
0.598984	27.965088	6.671711
0.612183	27.599182	6.676761
0.621567	27.260132	6.681812
0.632324	26.941223	6.686862
0.636368	26.645813	6.691913
0.647430	26.373901	6.696963
0.657043	26.128845	6.702014
0.663452	25.903931	6.707064
0.672455	25.705872	6.712115
0.672226	25.531311	6.717165
0.681229	25.380249	6.722216
0.685196	25.256042	6.727266
0.685577	25.155334	6.732317
0.689545	25.078125	6.737367
0.696259	25.027771	6.742418
0.699921	25.004272	6.747468
0.697403	25.004272	6.752519
0.696487	25.027771	6.757569
0.700836	25.078125	6.762620
0.703201	25.155334	6.767670
0.699997	25.256042	6.772721
0.704041	25.380249	6.777771
0.697098	25.531311	6.782822
0.695648	25.705872	6.787872
0.691605	25.903931	6.792923
0.685501	26.128845	6.797973
0.680313	26.373901	6.803024
0.674820	26.645813	6.808074
0.674591	26.941223	6.813125
0.672073	27.260132	6.818175
0.662918	27.599182	6.823226
0.655594	27.965088	6.828276
0.651703	28.347778	6.833327
0.646591	28.757324	6.838377
0.631256	29.187012	6.843428
0.626144	29.636841	6.848478
0.619812	30.106812	6.853529
0.607910	30.596924	6.858579
0.599976	31.107178	6.863630
0.592270	31.634216	6.868680
0.572205	32.181396	6.873731
0.566406	32.748718	6.878781
0.556335	33.329468	6.883832
0.546112	33.930359	6.888882
0.530396	34.544678	6.893933
0.519028	35.175781	6.898983
0.508881	35.823669	6.904034
0.493622	36.484985	6.909084
0.479736	37.159729	6.914135
0.464630	37.844543	6.919185
0.451584	38.542786	6.924235
0.436935	39.254456	6.929286
0.418091	39.976196	6.934337
0.403900	40.708008	6.939387
0.388794	41.449890	6.944438
0.369339	42.198486	6.949488
0.349731	42.957153	6.954539
0.339813	43.722534	6.959589
0.315170	44.491272	6.964640
0.298080	45.270081	6.969690
0.282364	46.048889	6.974741
0.265656	46.834412	6.979791
0.240173	47.623291	6.984842
0.228577	48.415527	6.989892
0.207443	49.207764	6.994943
0.186539	50.000000	6.999993
0.167084	50.792236	7.005044
0.148849	51.584473	7.010094
0.128937	52.376709	7.015145
0.106812	53.165588	7.020195
0.088272	53.951111	7.025246
0.070343	54.729919	7.030296
0.051498	55.508728	7.035347
0.028992	56.277466	7.040397
0.005951	57.042847	7.045448
-0.010071	57.801514	7.050498
-0.030365	58.550110	7.055549
-0.047607	59.291992	7.060599
-0.069580	60.023804	7.065650
-0.085526	60.745544	7.070700
-0.107498	61.457214	7.075751
-0.125046	62.155457	7.080801
-0.146103	62.840271	7.085852
-0.167236	63.515015	7.090902
-0.180740	64.176331	7.095953
-0.197678	64.824219	7.101003
-0.220184	65.455322	7.106054
-0.239868	66.069641	7.111104
-0.255508	66.670532	7.116155
-0.271912	67.251282	7.121205
-0.291748	67.818604	7.126256
-0.306320	68.365784	7.131306
-0.320740	68.892822	7.136357
-0.338364	69.403076	7.141407
-0.347900	69.893188	7.146458
-0.369568	70.363159	7.151508
-0.376434	70.812988	7.156559
-0.390396	71.242676	7.161609
-0.407257	71.652222	7.166660
-0.417633	72.034912	7.171710
-0.429306	72.400818	7.176761
-0.440979	72.739868	7.181811
-0.451813	73.058777	7.186862
-0.461349	73.354187	7.191912
-0.470276	73.626099	7.196963
-0.478592	73.871155	7.202013
-0.482864	74.096069	7.207064
-0.490570	74.294128	7.212114
-0.498581	74.468689	7.217165
-0.503922	74.619751	7.222215
-0.508423	74.743958	7.227266
-0.514755	74.844666	7.232316
-0.520782	74.921875	7.237367
-0.520248	74.972229	7.242417
-0.523911	74.995728	7.247468
-0.523758	74.995728	7.252518
-0.525208	74.972229	7.257569
-0.524597	74.921875	7.262619
-0.529022	74.844666	7.267670
-0.523224	74.743958	7.272720
-0.523300	74.619751	7.277771
-0.520401	74.468689	7.282821
-0.516968	74.294128	7.287872
-0.514679	74.096069	7.292922
-0.511017	73.871155	7.297973
-0.509033	73.626099	7.303023
-0.502930	73.354187	7.308074
-0.494385	73.058777	7.313124
-0.490494	72.739868	7.318175
-0.486374	72.400818	7.323225
-0.475922	72.034912	7.328276
-0.469742	71.652222	7.333326
-0.456009	71.242676	7.338377
-0.454254	70.812988	7.343427
-0.449066	70.363159	7.348478
-0.436172	69.893188	7.353528
-0.424728	69.403076	7.358579
-0.416641	68.892822	7.363629
-0.405579	68.365784	7.368680
-0.394440	67.818604	7.373730
-0.378952	67.251282	7.378781
-0.369720	66.670532	7.383831
-0.358200	66.069641	7.388882
-0.346451	65.455322	7.393932
-0.329208	64.824219	7.398983
-0.318909	64.176331	7.404033
-0.304108	63.515015	7.409084
-0.292969	62.840271	7.414134
-0.272141	62.155457	7.419185
-0.254364	61.457214	7.424235
-0.242004	60.745544	7.429286
-0.219650	60.023804	7.434336
-0.207062	59.291992	7.439387
-0.191116	58.550110	7.444437
-0.172729	57.801514	7.449488
-0.156708	57.042847	7.454538
-0.138168	56.277466	7.459589
-0.121613	55.508728	7.464639
-0.102234	54.729919	7.469690
-0.088196	53.951111	7.474740
-0.067215	53.165588	7.479791
-0.049133	52.376709	7.484841
-0.030136	51.584473	7.489892
-0.005646	50.792236	7.494942
0.008621	50.000000	7.499993
0.033340	49.207764	7.505043
0.048141	48.415527	7.510094
0.067673	47.623291	7.515144
0.086441	46.834412	7.520195
0.112534	46.048889	7.525245
0.128021	45.270081	7.530296
0.152283	44.491272	7.535346
0.169525	43.722534	7.540397
0.189438	42.957153	7.545447
0.204849	42.198486	7.550498
0.227051	41.449890	7.555548
0.245895	40.708008	7.560599
0.264359	39.976196	7.565649
0.283432	39.254456	7.570700
0.302277	38.542786	7.575750
0.321960	37.844543	7.580801
0.341492	37.159729	7.585851
0.356903	36.484985	7.590902
0.378876	35.823669	7.595952
0.395050	35.175781	7.601003
0.414886	34.544678	7.606053
0.428467	33.930359	7.611104
0.446472	33.329468	7.616154
0.464630	32.748718	7.621205
0.475540	32.181396	7.626255
0.494232	31.634216	7.631306
0.505447	31.107178	7.636356
0.515594	30.596924	7.641407
0.533600	30.106812	7.646457
0.552444	29.636841	7.651508
0.562134	29.187012	7.656558
0.575867	28.757324	7.661609
0.587082	28.347778	7.666659
0.595779	27.965088	7.671710
0.610352	27.599182	7.676760
0.618668	27.260132	7.681811
0.629501	26.941223	7.686861
0.635529	26.645813	7.691912
0.645981	26.373901	7.696962
0.650864	26.128845	7.702013
0.665665	25.903931	7.707063
0.668259	25.705872	7.712114
0.672226	25.531311	7.717164
0.681686	25.380249	7.722215
0.685349	25.256042	7.727265
0.689621	25.155334	7.732316
0.688705	25.078125	7.737366
0.693283	25.027771	7.742417
0.696106	25.004272	7.747467
0.695953	25.004272	7.752518
0.696640	25.027771	7.757568
0.701294	25.078125	7.762619
0.702133	25.155334	7.767669
0.699768	25.256042	7.772720
0.695038	25.380249	7.777770
0.695343	25.531311	7.782821
0.692749	25.705872	7.787871
0.687561	25.903931	7.792922
0.685425	26.128845	7.797972
0.682831	26.373901	7.803023
0.676498	26.645813	7.808073
0.675354	26.941223	7.813124
0.672684	27.260132	7.818174
0.662842	27.599182	7.823225
0.653152	27.965088	7.828275
0.645599	28.347778	7.833326
0.644684	28.757324	7.838376
0.630493	29.187012	7.843427
0.622711	29.636841	7.848477
0.615082	30.106812	7.853528
0.604935	30.596924	7.858578
0.603027	31.107178	7.863629
0.591507	31.634216	7.868679
0.582428	32.181396	7.873730
0.572891	32.748718	7.878780
0.556641	33.329468	7.883831
0.546494	33.930359	7.888881
0.534134	34.544678	7.893932
0.517731	35.175781	7.898982
0.504684	35.823669	7.904033
0.492172	36.484985	7.909083
0.478439	37.159729	7.914134
0.465622	37.844543	7.919184
0.452499	38.542786	7.924235
0.432968	39.254456	7.929285
0.415878	39.976196	7.934336
0.408859	40.708008	7.939386
0.387573	41.449890	7.944437
0.370407	42.198486	7.949487
0.356216	42.957153	7.954538
0.337219	43.722534	7.959588
0.318680	44.491272	7.964639
0.296707	45.270081	7.969689
0.283432	46.048889	7.974740
0.259476	46.834412	7.979790
0.242767	47.623291	7.984841
0.230484	48.415527	7.989891
0.206299	49.207764	7.994942
0.183868	50.000000	7.999992
0.173798	50.792236	8.005043
0.145798	51.584473	8.010093
0.125427	52.376709	8.015144
0.105438	53.165588	8.020194
0.088806	53.951111	8.025245
0.075150	54.729919	8.030295
0.051193	55.508728	8.035346
0.029526	56.277466	8.040396
0.009766	57.042847	8.045447
-0.005569	57.801514	8.050497
-0.028381	58.550110	8.055548
-0.049820	59.291992	8.060598
-0.068130	60.023804	8.065648
-0.090103	60.745544	8.070699
-0.109177	61.457214	8.075750
-0.126343	62.155457	8.080800
-0.143204	62.840271	8.085851
-0.164948	63.515015	8.090901
-0.185699	64.176331	8.095951
-0.203629	64.824219	8.101002
-0.221176	65.455322	8.106053
-0.239868	66.069641	8.111103
-0.256195	66.670532	8.116154
-0.269012	67.251282	8.121204
-0.288773	67.818604	8.126254
-0.301895	68.365784	8.131305
-0.319595	68.892822	8.136356
-0.337601	69.403076	8.141406
-0.351639	69.893188	8.146457
-0.363541	70.363159	8.151507
-0.378952	70.812988	8.156557
-0.393982	71.242676	8.161608
-0.406570	71.652222	8.166659
-0.418091	72.034912	8.171709
-0.433197	72.400818	8.176760
-0.441666	72.739868	8.181810
-0.454712	73.058777	8.186860
-0.458832	73.354187	8.191911
-0.473557	73.626099	8.196962
-0.484695	73.871155	8.202012
-0.484161	74.096069	8.207063
-0.492783	74.294128	8.212113
-0.503464	74.468689	8.217163
-0.498886	74.619751	8.222214
-0.505905	74.743958	8.227265
-0.514450	74.844666	8.232315
-0.514832	74.921875	8.237366
-0.515213	74.972229	8.242416
-0.524979	74.995728	8.247466
-0.524826	74.995728	8.252517
-0.527878	74.972229	8.257568
-0.525970	74.921875	8.262618
-0.527115	74.844666	8.267669
-0.525208	74.743958	8.272719
-0.525055	74.619751	8.277769
-0.519485	74.468689	8.282820
-0.518799	74.294128	8.287871
-0.516815	74.096069	8.292921
-0.511856	73.871155	8.297972
-0.507050	73.626099	8.303022
-0.499649	73.354187	8.308072
-0.498505	73.058777	8.313123
-0.494308	72.739868	8.318174
-0.486679	72.400818	8.323224
-0.473709	72.034912	8.328275
-0.469360	71.652222	8.333325
-0.461426	71.242676	8.338375
-0.455399	70.812988	8.343426
-0.445328	70.363159	8.348477
-0.436478	69.893188	8.353527
-0.426025	69.403076	8.358578
-0.416718	68.892822	8.363628
-0.406799	68.365784	8.368678
-0.392685	67.818604	8.373729
-0.377350	67.251282	8.378780
-0.369263	66.670532	8.383830
-0.357361	66.069641	8.388881
-0.340576	65.455322	8.393931
-0.332565	64.824219	8.398981
-0.319595	64.176331	8.404032
-0.302582	63.515015	8.409083
-0.285950	62.840271	8.414133
-0.271301	62.155457	8.419184
-0.259094	61.457214	8.424234
-0.241318	60.745544	8.429284
-0.224915	60.023804	8.434335
-0.210266	59.291992	8.439386
-0.193481	58.550110	8.444436
-0.174332	57.801514	8.449487
-0.164566	57.042847	8.454537
-0.149384	56.277466	8.459588
-0.125351	55.508728	8.464638
-0.106583	54.729919	8.469689
-0.088425	53.951111	8.474739
-0.069809	53.165588	8.479790
-0.049896	52.376709	8.484840
-0.031662	51.584473	8.489891
-0.011902	50.792236	8.494941
0.007477	50.000000	8.499992
0.025864	49.207764	8.505042
0.053558	48.415527	8.510093
0.062408	47.623291	8.515143
0.089493	46.834412	8.520194
0.105820	46.048889	8.525244
0.130692	45.270081	8.530295
0.148773	44.491272	8.535345
0.167160	43.722534	8.540396
0.185013	42.957153	8.545446
0.201721	42.198486	8.550497
0.226517	41.449890	8.555547
0.235977	40.708008	8.560598
0.267715	39.976196	8.565648
0.283813	39.254456	8.570699
0.303879	38.542786	8.575749
0.320663	37.844543	8.580800
0.340042	37.159729	8.585850
0.355072	36.484985	8.590901
0.376663	35.823669	8.595951
0.396118	35.175781	8.601002
0.409470	34.544678	8.606052
0.428543	33.930359	8.611103
0.447388	33.329468	8.616153
0.458298	32.748718	8.621204
0.478287	32.181396	8.626254
0.493546	31.634216	8.631305
0.511093	31.107178	8.636355
0.521469	30.596924	8.641406
0.536575	30.106812	8.646456
0.548096	29.636841	8.651506
0.559616	29.187012	8.656557
0.573502	28.757324	8.661608
0.585632	28.347778	8.666658
0.599518	27.965088	8.671709
0.610428	27.599182	8.676759
0.617065	27.260132	8.681809
0.629196	26.941223	8.686860
0.631638	26.645813	8.691911
0.645370	26.373901	8.696961
0.654144	26.128845	8.702012
0.661392	25.903931	8.707062
0.666733	25.705872	8.712112
0.672836	25.531311	8.717163
0.678558	25.380249	8.722214
0.686493	25.256042	8.727264
0.687485	25.155334	8.732315
0.690689	25.078125	8.737365
0.696259	25.027771	8.742415
0.695953	25.004272	8.747466
0.695496	25.004272	8.752517
0.699844	25.027771	8.757567
0.702286	25.078125	8.762618
0.696869	25.155334	8.767668
0.700150	25.256042	8.772718
0.696411	25.380249	8.777769
0.693665	25.531311	8.782820
0.697556	25.705872	8.787870
0.689011	25.903931	8.792921
0.689774	26.128845	8.797971
0.681152	26.373901	8.803021
0.679245	26.645813	8.808072
0.668030	26.941223	8.813123
0.665131	27.260132	8.818173
0.663605	27.599182	8.823224
0.653381	27.965088	8.828274
0.647964	28.347778	8.833324
0.639420	28.757324	8.838375
0.631256	29.187012	8.843426
0.624924	29.636841	8.848476
0.613556	30.106812	8.853527
0.604324	30.596924	8.858577
0.598526	31.107178	8.863627
0.586395	31.634216	8.868678
0.578308	32.181396	8.873729
0.569229	32.748718	8.878779
0.553436	33.329468	8.883830
0.545654	33.930359	8.888880
0.530243	34.544678	8.893930
0.519562	35.175781	8.898981
0.503922	35.823669	8.904032
0.489273	36.484985	8.909082
0.475388	37.159729	8.914133
0.461426	37.844543	8.919183
0.449600	38.542786	8.924233
0.430603	39.254456	8.929284
0.417252	39.976196	8.934335
0.400009	40.708008	8.939385
0.384445	41.449890	8.944436
0.369568	42.198486	8.949486
0.354691	42.957153	8.954536
0.328979	43.722534	8.959587
0.311050	44.491272	8.964638
0.298691	45.270081	8.969688
0.282211	46.048889	8.974739
0.261612	46.834412	8.979789
0.242233	47.623291	8.984840
0.225449	48.415527	8.989890
0.205841	49.207764	8.994941
0.185928	50.000000	8.999991
0.165176	50.792236	9.005042
0.147400	51.584473	9.010092
0.125046	52.376709	9.015143
0.108643	53.165588	9.020193
0.092087	53.951111	9.025244
0.065689	54.729919	9.030294
0.050507	55.508728	9.035345
0.024261	56.277466	9.040395
0.007858	57.042847	9.045446
-0.010681	57.801514	9.050496
-0.030060	58.550110	9.055547
-0.051727	59.291992	9.060597
-0.072174	60.023804	9.065648
-0.091705	60.745544	9.070698
-0.107346	61.457214	9.075749
-0.128479	62.155457	9.080799
-0.150986	62.840271	9.085850
-0.166855	63.515015	9.090900
-0.181503	64.176331	9.095951
-0.202560	64.824219	9.101001
-0.220032	65.455322	9.106052
-0.232468	66.069641	9.111102
-0.258865	66.670532	9.116153
-0.276031	67.251282	9.121203
-0.292740	67.818604	9.126254
-0.306931	68.365784	9.131304
-0.320282	68.892822	9.136355
-0.335770	69.403076	9.141405
-0.354614	69.893188	9.146456
-0.364151	70.363159	9.151506
-0.382156	70.812988	9.156557
-0.395737	71.242676	9.161607
-0.407639	71.652222	9.166658
-0.415878	72.034912	9.171708
-0.433197	72.400818	9.176759
-0.442047	72.739868	9.181809
-0.455704	73.058777	9.186860
-0.457764	73.354187	9.191910
-0.468292	73.626099	9.196961
-0.480270	73.871155	9.202011
-0.483932	74.096069	9.207062
-0.494766	74.294128	9.212112
-0.499191	74.468689	9.217163
-0.503845	74.619751	9.222213
-0.510864	74.743958	9.227264
-0.510864	74.844666	9.232314
-0.522079	74.921875	9.237364
-0.519714	74.972229	9.242415
-0.520630	74.995728	9.247466
-0.525589	74.995728	9.252516
-0.527039	74.972229	9.257567
-0.524139	74.921875	9.262617
-0.520248	74.844666	9.267667
-0.527267	74.743958	9.272718
-0.520401	74.619751	9.277769
-0.518875	74.468689	9.282819
-0.517731	74.294128	9.287870
-0.514984	74.096069	9.292920
-0.513840	73.871155	9.297970
-0.506668	73.626099	9.303021
-0.499573	73.354187	9.308072
-0.496979	73.058777	9.313122
-0.492554	72.739868	9.318173
-0.482178	72.400818	9.323223
-0.476379	72.034912	9.328273
-0.470657	71.652222	9.333324
-0.463028	71.242676	9.338375
-0.453186	70.812988	9.343425
-0.447235	70.363159	9.348476
-0.436783	69.893188	9.353526
-0.427322	69.403076	9.358576
-0.414200	68.892822	9.363627
-0.405350	68.365784	9.368678
-0.395203	67.818604	9.373728
-0.382843	67.251282	9.378779
-0.371323	66.670532	9.383829
-0.355148	66.069641	9.388879
-0.350800	65.455322	9.393930
-0.332565	64.824219	9.398981
-0.316238	64.176331	9.404031
-0.301361	63.515015	9.409082
-0.289993	62.840271	9.414132
-0.273895	62.155457	9.419182
-0.258789	61.457214	9.424233
-0.242920	60.745544	9.429284
-0.226288	60.023804	9.434334
-0.205612	59.291992	9.439385
-0.190353	58.550110	9.444435
-0.179291	57.801514	9.449485
-0.156708	57.042847	9.454536
-0.140076	56.277466	9.459587
-0.124512	55.508728	9.464637
-0.103302	54.729919	9.469688
-0.084610	53.951111	9.474738
-0.067596	53.165588	9.479788
-0.051498	52.376709	9.484839
-0.028076	51.584473	9.489890
-0.009308	50.792236	9.494940
0.010300	50.000000	9.499991
0.026016	49.207764	9.505041
0.046539	48.415527	9.510091
0.068817	47.623291	9.515142
0.090408	46.834412	9.520193
0.106659	46.048889	9.525243
0.124817	45.270081	9.530294
0.149765	44.491272	9.535344
0.167847	43.722534	9.540395
0.189362	42.957153	9.545445
0.206604	42.198486	9.550496
0.227737	41.449890	9.555546
0.248947	40.708008	9.560597
0.265350	39.976196	9.565647
0.285110	39.254456	9.570698
0.300674	38.542786	9.575748
0.324478	37.844543	9.580799
0.345001	37.159729	9.585849
0.359116	36.484985	9.590900
0.383224	35.823669	9.595950
0.387955	35.175781	9.601001
0.414658	34.544678	9.606051
0.428085	33.930359	9.611102
0.446854	33.329468	9.616152
0.460663	32.748718	9.621203
0.477371	32.181396	9.626253
0.491104	31.634216	9.631304
0.508041	31.107178	9.636354
0.519867	30.596924	9.641405
0.535812	30.106812	9.646455
0.551987	29.636841	9.651506
0.563507	29.187012	9.656556
0.572357	28.757324	9.661607
0.585937	28.347778	9.666657
0.594101	27.965088	9.671708
0.607986	27.599182	9.676758
0.618210	27.260132	9.681809
0.626678	26.941223	9.686859
0.635986	26.645813	9.691910
0.646210	26.373901	9.696960
0.657272	26.128845	9.702011
0.660782	25.903931	9.707061
0.664825	25.705872	9.712112
0.672226	25.531311	9.717162
0.679779	25.380249	9.722213
0.683594	25.256042	9.727263
0.685043	25.155334	9.732314
0.692139	25.078125	9.737364
0.697098	25.027771	9.742415
0.697479	25.004272	9.747465
0.695953	25.004272	9.752516
0.697937	25.027771	9.757566
0.699844	25.078125	9.762617
0.698700	25.155334	9.767667
0.696259	25.256042	9.772718
0.700531	25.380249	9.777768
0.696106	25.531311	9.782819
0.696564	25.705872	9.787869
0.687943	25.903931	9.792919
0.683441	26.128845	9.797970
0.683060	26.373901	9.803021
0.681152	26.645813	9.808071
0.671082	26.941223	9.813122
0.664825	27.260132	9.818172
0.660400	27.599182	9.823222
0.658569	27.965088	9.828273
0.648041	28.347778	9.833324
0.642929	28.757324	9.838374
0.635223	29.187012	9.843425
0.627899	29.636841	9.848475
0.618668	30.106812	9.853525
0.604858	30.596924	9.858576
0.595932	31.107178	9.863627
0.588608	31.634216	9.868677
0.575256	32.181396	9.873728
0.569382	32.748718	9.878778
0.554886	33.329468	9.883828
0.544891	33.930359	9.888879
0.531616	34.544678	9.893930
0.517654	35.175781	9.898980
0.506134	35.823669	9.904031
0.489426	36.484985	9.909081
0.478287	37.159729	9.914131
0.462952	37.844543	9.919182
0.447464	38.542786	9.924233
0.434036	39.254456	9.929283
0.417023	39.976196	9.934334
0.400772	40.708008	9.939384
0.385437	41.449890	9.944434
0.367508	42.198486	9.949485
0.353546	42.957153	9.954536
0.332184	43.722534	9.959586
0.318604	44.491272	9.964637
0.297241	45.270081	9.969687
0.282135	46.048889	9.974737
0.259399	46.834412	9.979788
0.245895	47.623291	9.984839
0.223465	48.415527	9.989889
0.204926	49.207764	9.994940
0.185394	50.000000	9.999990
